MSE: 0.25670826
MAE: 0.38287428
r2 score: 0.6300582601814276